1.2824820685715455e-11,
1.1450047068613158e-11,
8.386198275485395e-12,
1.689706786293714e-11,
1.570335463800763e-11,
1.2345940996344295e-11,
1.7846934124653878e-11,
1.508539468706757e-11,
1.6703950263105144e-11,
1.5478505412753927e-11,
2.1813125104335697e-11,
1.7964059186893235e-11,
1.955627636022055e-11,
2.4231375259462217e-11,
2.3774757046639285e-11,
1.9437491745435554e-11,
2.0001641123326292e-11,
1.5050348151487346e-11,
1.8816421354694864e-11,
2.6296050877021986e-11,
2.275820423437969e-11,
1.9909854060393518e-11,
2.2998810760920337e-11,
1.6399133249445015e-11,
1.3672716291583448e-11,
1.6590789671492443e-11,
1.6943761092192968e-11,
1.9347416485536887e-11,
1.7407012318660657e-11,
1.9838683034057577e-11,
2.3226088071683275e-11,
2.7415176172148643e-11,
2.99168129045649e-11,
2.7370462506710332e-11,
2.2079511711123752e-11,
2.54434138817541e-11,
2.6277064999366326e-11,
2.5881602452002806e-11,
2.5103793843229136e-11,
1.6994935941863088e-11,
1.5310871644168064e-11,
1.8018298081899226e-11,
1.9013397987743685e-11,
2.8754765276641116e-11,
3.004950983931489e-11,
2.8502443070422726e-11,
2.2276413106827265e-11,
2.6303385591335517e-11,
2.5415696126285094e-11,
1.9879469038186335e-11,
1.73579640699232e-11,
1.920590462475834e-11,
2.251840800688004e-11,
2.0321067858257458e-11,
1.7561153808443513e-11,
1.5226670569449825e-11,
1.8867093950574793e-11,
1.696552475604161e-11,
1.8778572696240744e-11,
2.1110099887612468e-11,
1.983201043556618e-11,
2.258108200947551e-11,
2.8773639840750292e-11,
2.691936802394157e-11,
2.8930483332396546e-11,
2.5496602990960405e-11,
3.114815009973386e-11,
3.427944657755226e-11,
2.9629422070692446e-11,
2.7790773215434074e-11,
2.7838638739520748e-11,
1.9209739360941044e-11,
2.5413635339924458e-11,
3.4051777648149466e-11,
2.530300900741231e-11,
2.485660851048727e-11,
2.4453999749637886e-11,
1.9898116578841743e-11,
2.277732165468183e-11,
2.6383273239076335e-11,
3.116674065432925e-11,
2.343567558037143e-11,
2.541466724022219e-11,
2.4409660163152213e-11,
2.3467987535980714e-11,
2.6096580438903018e-11,
2.2720462301091632e-11,
2.4743267674600915e-11,
1.9111239178418238e-11,
2.2350905695007424e-11,
1.9968139876671153e-11,
2.2847923144618837e-11,
2.8681617238503882e-11,
2.295321437097839e-11,
2.6276423548130886e-11,
2.4295409142151394e-11,
2.4138422082618516e-11,
2.2305182648079433e-11,
2.2161129901705666e-11,
2.74769160272548e-11,
3.18164837896347e-11,
2.6928205125457164e-11,
2.2251029573554768e-11,
2.783989940256698e-11,
2.7974614014680587e-11,
3.326295211400466e-11,
4.054291118196485e-11,
6.744059702710282e-11,
1.4077825265204195e-10,
1.476421880921184e-10,
3.177937141783187e-10,
5.217741248902183e-10,
8.613147384176389e-10,
1.0466146602840518e-09,
1.4342318572890567e-09,
7.106579875183586e-10,
4.5457678370487524e-10,
9.128411879360565e-10,
1.334303205961721e-09,
9.283806123776068e-10,
7.779721303245646e-10,
4.150516144196828e-10,
6.495795347766547e-10,
8.160242850058162e-10,
8.698044973597545e-10,
9.72678292999858e-10,
6.788748846575305e-10,
6.875349594307618e-10,
1.1351088948154303e-09,
1.0559324614852122e-09,
6.136822296603801e-10,
9.504991259814133e-10,
5.129988568595667e-10,
4.161671396831333e-10,
7.925691769985564e-10,
6.122230154672742e-10,
7.705512094551278e-10,
2.5526232969718775e-09,
1.2679439001615261e-09,
4.955383419842151e-10,
7.265575019115672e-10,
5.016522967700595e-10,
7.206106987292595e-10,
8.48598911541883e-10,
9.904814973640065e-10,
8.027974285111294e-10,
7.043094750248221e-10,
3.036010799892273e-10,
1.2911872783680435e-10,
1.0478407568343493e-10,
7.607049805025602e-11,
4.416234976037784e-11,
3.246222857099996e-11,
2.4865874235883502e-11,
2.7224484234153817e-11,
2.1261295719147387e-11,
1.9191991669352735e-11,
2.1142154249526218e-11,
2.273110957720183e-11,
2.7846896864391356e-11,
2.730832856729804e-11,
2.4911638253940212e-11,
2.2332537037215476e-11,
2.301083591968648e-11,
2.594351611157171e-11,
2.6093838123965063e-11,
2.176049436809923e-11,
1.9992505883796526e-11,
2.2631130248483705e-11,
2.286574806871948e-11,
2.170447386094443e-11,
2.467528445652949e-11,
3.302914190815688e-11,
2.865115878854762e-11,
2.7800639566908318e-11,
2.5713497433308803e-11,
2.287542559730179e-11,
1.8652774337940313e-11,
2.0888493350889723e-11,
2.2750998784780384e-11,
2.30522345482561e-11,
2.0028650892001523e-11,
2.22593372555499e-11,
2.525604703747453e-11,
1.790199159077017e-11,
1.7397651977271356e-11,
1.788745416357637e-11,
2.1745907725802635e-11,
2.510586794344953e-11,
3.291794104776187e-11,
2.954465558166992e-11,
2.437343272570967e-11,
3.2185836589530234e-11,
3.10454364139528e-11,
1.8896803051758862e-11,
2.1154930695056768e-11,
2.8000955347686638e-11,
3.041848577411782e-11,
2.6128800021675874e-11,
3.3783844282624255e-11,
2.3899318892940017e-11,
1.6756896825784965e-11,
1.7510469675397428e-11,
2.316752158406317e-11,
2.437860185855481e-11,
2.528230284805169e-11,
1.720912497028464e-11,
2.441965779589506e-11,
2.9373756615489534e-11,
2.5521302110670573e-11,
2.586133124087878e-11,
2.3222169593170807e-11,
2.5033551322625175e-11,
2.5669074765989363e-11,
2.3620892001534743e-11,
2.3967034338729165e-11,
2.3241368288796104e-11,
2.375852689605893e-11,
2.274778662967853e-11,
2.1816506774066287e-11,
1.9773324137391995e-11,
1.9679256296414787e-11,
2.4320878472844487e-11,
2.7903512930613974e-11,
2.907741017531441e-11,
2.4384990766730992e-11,
2.841095258920152e-11,
3.305399413298631e-11,
2.7158825704655092e-11,
2.188465828909835e-11,
1.9547142272719297e-11,
2.2461996879516654e-11,
2.4973742157079104e-11,
2.528778896013272e-11,
2.6778422207150496e-11,
3.210698000675314e-11,
2.5513768832159547e-11,
2.3095440265256276e-11,
2.3842857431669644e-11,
1.9942622500801098e-11,
1.5652048804668804e-11,
1.9135355046312038e-11,
1.9288291991039716e-11,
1.7507803097951928e-11,
2.167452535526767e-11,
2.6751881676147716e-11,
2.2467782572496465e-11,
1.4868845852317793e-11,
1.97030280831147e-11,
2.2499845849524293e-11,
1.4033872849615717e-11,
1.1492770141534555e-11,
1.2118981983933582e-11,
9.85834708875819e-12,
9.964120381831837e-12,
1.145982491441741e-11,
