9.247768728407546,
46.622258668925284,
11.23480142097745,
2.448555363763421,
80.56301215416792,
0.7220746662788733,
7.432996421566889,
66.64896753157478,
3.4796435714882428,
11.080193837759431,
2.976108363369367,
235.79246377605165,
80.06978530981402,
91.84433696702634,
6.161521437404686,
2.391679792509851,
56.632393705339375,
7.393803548127394,
12.725911452236968,
6.363959530533193,
6.014557991265126,
6655.831097701742,
21.863869105015233,
137.3451729141094,
2.0470014309624838,
9.801673430914184,
1.2715117839198626,
5496.629078793867,
61.76610744906388,
229.37209141846805,
78.44797606931509,
2.5162580168824125,
3.347413681118341,
17.767169330800694,
63.28001301340588,
32.146817154178585,
0.6482367113393728,
246.54323863656373,
6.141223755342603,
137.06921628065516,
264.497455872713,
35.95650555390551,
