8.906468789601396,
2.3066498358669727,
11.993928050991547,
2.1005646982040633,
77.26218876378817,
0.7930701359018815,
7.35788397538334,
51.5807841841484,
4.9150001283974305,
10.652866136297936,
3.1154132523992537,
100.0,
78.41643604430823,
98.77183413256758,
10.384591100842927,
2.859273919892312,
64.13255742038801,
8.28925859255114,
12.261055278679612,
5.749436727831604,
6.209372136047391,
100.0,
15.522809130708769,
100.0,
2.0850500948149437,
7.673435750732432,
1.5358422245907972,
100.0,
60.45741226398245,
100.0,
85.42992418832561,
3.878226887427469,
40.471975511239236,
15.347312586275411,
61.5006631126736,
36.596477909103726,
0.6370025414640861,
100.0,
5.972786942564439,
100.0,
100.0,
37.62235913884324,
