0.1155356498216008,
0.13123428285059024,
0.12951889746884948,
0.05019539143881169,
0.21668153945707846,
0.0468953418477438,
0.108161151055295,
0.2064184961325577,
0.09486745688156528,
0.10876191435853144,
0.082481167696418,
0.24458790749771364,
0.19142218887365192,
0.20446382559501552,
0.1123739884721704,
0.06598187624520913,
0.1912901414674434,
0.11156667060508507,
0.1233550556905626,
0.10835924950483522,
0.09449832772632549,
0.3804231006487385,
0.14186118517275748,
0.22161322931684402,
0.05562975133217951,
0.11129654115069554,
0.034722231930756076,
0.3754011798824465,
0.19111368691804276,
0.24515295451760466,
0.20453271292498243,
0.08314526915857023,
0.10675570227674303,
0.1389308471016879,
0.19515917551580475,
0.17076514729581982,
0.055086997734651755,
0.2487749715422568,
0.10055113368155588,
0.23183555389553656,
0.2487205534814323,
0.17457330702540585,
