10.566222828872009,
27.266582239053495,
11.732264019381303,
2.186164972574092,
79.1706754413989,
0.8842040478228219,
6.587467290691429,
62.000841387204595,
4.836991779741619,
9.488820574225215,
3.2486532548077864,
232.7406414466224,
71.51224702688188,
84.30040281575786,
8.547642982545625,
2.736002317508832,
56.665000154077894,
7.11870886696477,
12.442513298168274,
5.490087734606594,
6.198032947256848,
5893.698934929022,
18.74411001825386,
119.26172434480941,
2.2306471757567414,
8.679683941174847,
1.739520754565715,
4999.468296053034,
48.68284602656284,
201.7768498835167,
72.27227044748854,
2.6399228221130406,
40.749380278685564,
13.272340433499606,
70.07801121694018,
33.57263351835507,
0.906693605572022,
274.48767520318745,
4.724642319440649,
159.43912529431643,
301.7899343169939,
44.888062492304854,
